        1.000000000000000
        1.000000000000000
        1.000000000000000
        1.000000000000000
        0.025918521986706
        0.025918521986706
        0.025918521986706
        0.025918521986706
        0.025918521986706
        0.025918521986706
        0.025918521986706
        0.025918521986706
        0.025918521986706
        0.025918521986706
        0.025918521986706
        0.025918521986706
        0.025918521986706
        0.025918521986706
        0.025918521986706
        0.025918521986706
        0.025918521986706
        0.025918521986706
        0.025918521986706
        0.025918521986706
        0.025918521986706
        0.025918521986706
        0.025918521986706
        0.025918521986706
        0.025918521986706
        0.025918521986706
