        0.900000000000000
        0.903448275862069
        0.906896551724138
        0.910344827586207
        0.913793103448276
        0.917241379310345
        0.920689655172414
        0.924137931034483
        0.927586206896552
        0.931034482758621
        0.934482758620690
        0.937931034482759
        0.941379310344828
        0.944827586206897
        0.948275862068966
        0.951724137931034
        0.955172413793103
        0.958620689655172
        0.962068965517241
        0.965517241379310
        0.968965517241379
        0.972413793103448
        0.975862068965517
        0.979310344827586
        0.982758620689655
        0.986206896551724
        0.989655172413793
        0.993103448275862
        0.996551724137931
        1.000000000000000
        0.000000000000000
