        0.718827694683101
        1.045305671414424
        1.370745524318947
        0.693455055605267
        1.020399481686034
        1.347232651020261
        0.666951967905837
        0.994661539228954
        1.321849607390406
        0.638848857745454
        0.969616099265231
        1.294918818047174
        0.612116967021832
        0.942510778460504
        1.271213983648174
        0.584011909766968
        0.915230140969812
        1.245615572611794
        0.555396367769960
        0.887024954928861
        1.218340485522753
        0.524254499929184
        0.858886902664687
        1.190051554568427
        0.492556972501204
        0.829676645044986
        1.161243713768758
        0.460460759744001
        0.798058493494158
        1.133621784521574
        0.428350910222499
        0.766882059234470
        1.103798074027946
        0.396408316420771
        0.734814707401561
        1.071877861209879
        0.363297094491185
        0.702928694089976
        1.040360404564366
        0.327175718596279
        0.669894917773702
        1.009136612819178
        0.290203868831168
        0.637615244242503
        0.977076817490781
        0.253459286710707
        0.602296389024267
        0.943871621472106
        0.215111646247855
        0.565177423641517
        0.911754634381777
        0.172803808325888
        0.528129986993032
        0.877211844626716
        0.128000910724345
        0.487691748832773
        0.840386516082113
        0.082628575785270
        0.443647129736132
        0.801696611011840
        0.036034027937456
        0.398171733357100
        0.758998905609758
       -0.011643212164585
        0.350952502168368
        0.713596664303588
       -0.061312584790882
        0.304207088501068
        0.665148554015932
       -0.113005053661474
        0.255234933127052
        0.619871660123186
       -0.168889365122432
        0.203592815494109
        0.571700292852491
       -0.231853251493392
        0.147121814303033
        0.520141954337379
       -0.292679556572853
        0.085336757842133
        0.463074973168563
       -0.358206639180981
        0.021321371699861
        0.400735757316114
       -0.426459495981360
       -0.045873549614933
        0.333743865416605
       -0.502988747658392
       -0.115381029829388
        0.266982842752621
