   9.7273435400046759e-01	
   9.6379568112980629e-01	
   9.5446858188996875e-01	
   9.4472717560055586e-01	
   9.3454323013113139e-01	
   9.2393934827019142e-01	
   9.1326470641477697e-01	
   9.0279529673282966e-01	
   8.9193947738659551e-01	
   8.8056206197656484e-01	
   8.6862453300772513e-01	
   8.5608448482177346e-01	
   8.4293468769210678e-01	
   8.2922298455213073e-01	
   8.1632358520483128e-01	
   8.0291797153569910e-01	
   7.8884219465467276e-01	
   7.7399246248930154e-01	
   7.5830313669121241e-01	
   7.4170094068801651e-01	
   7.2410381533270074e-01	
   7.0563710659473833e-01	
   6.8733955957320814e-01	
   6.6940460940277935e-01	
   6.5063586590554412e-01	
   6.3066782475820782e-01	
   6.0954431300378542e-01	
   5.8812694805462440e-01	
   5.6730884684478078e-01	
   5.4534354011062691e-01	
   5.2185390995642622e-01	
   4.9667557780393534e-01	
   4.6961964902176978e-01	
   4.4077122195341534e-01	
   4.1126274952821651e-01	
   3.8336795544924018e-01	
   3.5383136159993311e-01	
   3.2193434073810967e-01	
   2.8746187992734495e-01	
   2.5253764805480694e-01	
   2.1672027299485497e-01	
   1.7777010702310336e-01	
   1.3515769017294876e-01	
   8.9431993010800404e-02	
   4.2284402061719462e-02	
  -7.2005331603536282e-03	
  -5.6832563615162424e-02	
  -1.0661234614544801e-01	
  -1.5654054151043151e-01	
  -2.0661781441553617e-01	
