        1.818916272155152
        1.818448964926725
        1.817980898338705
        1.817512070538681
        1.817042479668218
        1.816572123862820
        1.816101001251917
        1.815629109958832
        1.815156448100760
        1.814683013788741
        1.814208805127639
        1.813733820216108
        1.813258057146577
        1.812781514005219
        1.812304188871923
        1.811826079820275
        1.811347184917524
        1.810867502224564
        1.810387029795902
        1.809905765679635
        1.809423707917420
        1.808940854544453
        1.808457203589436
        1.807972753074555
        1.807487501015451
        1.807001445421191
        1.806514584294248
        1.806026915630462
        1.805538437419025
        1.805049147642443
        1.804559044276515
        1.804068125290302
        1.803576388646100
        1.803083832299412
        1.802590454198917
        1.802096252286447
        1.801601224496952
        1.801105368758476
        1.800608682992124
        1.800111165112040
        1.799612813025368
        1.799113624632232
        1.798613597825699
        1.798112730491753
        1.797611020509270
        1.797108465749974
        1.796605064078423
        1.796100813351969
        1.795595711420731
        1.795089756127560
        1.794582945308019
        1.794075276790338
        1.793566748395394
        1.793057357936674
        1.792547103220246
        1.792035982044730
        1.791523992201257
        1.791011131473450
        1.790497397637380
        1.789982788461545
        1.789467301706827
        1.788950935126469
        1.788433686466032
        1.787915553463375
        1.787396533848613
        1.786876625344082
        1.786355825664316
        1.785834132516002
        1.785311543597955
        1.784788056601077
        1.784263669208333
        1.783738379094703
        1.783212183927162
        1.782685081364633
        1.782157069057962
        1.781628144649877
        1.781098305774955
        1.780567550059589
        1.780035875121945
        1.779503278571939
        1.778969758011185
        1.778435311032978
        1.777901261069260
        1.777374504654761
        1.776846839392500
        1.776318262928305
        1.775788772899865
        1.775258366936694
        1.774727042660102
        1.774194797683149
        1.773661629610622
        1.773127536038988
        1.772592514556366
        1.772056562742482
        1.771519678168644
        1.770981858397694
        1.770443100983977
        1.769903403473306
        1.769362763402917
        1.768821178301441
        1.768278645688858
        1.767735163076464
        1.767190727966831
        1.766645337853773
        1.766098990222298
        1.765551682548579
        1.765003412299914
        1.764454176934677
        1.763903973902294
        1.763352800643189
        1.762800654588757
        1.762247533161313
        1.761693433774060
        1.761138353831043
        1.760582290727116
        1.760025241847889
        1.759467204569700
        1.758908176259568
        1.758348154275147
        1.757787135964696
        1.757225118667023
        1.756662099711457
        1.756098076417792
        1.755533046096258
        1.754967006047466
        1.754399953562376
        1.753831885922242
        1.753262800398580
        1.752692694253119
        1.752121564737754
        1.751549409094508
        1.750976224555483
        1.750402008342820
        1.749826757668647
        1.749250469735042
        1.748673141733979
        1.748094770847294
        1.747515354246629
        1.746934889093385
        1.746353372538688
        1.745770801723327
        1.745187173777719
        1.744602485821855
        1.744016734965256
        1.743429918306922
        1.742842032935291
        1.742253075928181
        1.741663044352750
        1.741071935265446
        1.740479745711949
        1.739886472727137
        1.739292113335022
        1.738696664548713
        1.738100123370353
        1.737507601976940
        1.736914539292399
        1.736320390778427
        1.735725153450247
        1.735128824312133
        1.734531400357364
        1.733932878568161
        1.733333255915651
        1.732732529359802
        1.732130695849385
        1.731527752321909
        1.730923695703583
        1.730318522909249
        1.729712230842343
        1.729104816394832
        1.728496276447167
        1.727889489633130
        1.727285500195527
        1.726680394768205
        1.726076296720873
        1.725474746174281
        1.724872086393745
        1.724268314308363
        1.723663426835885
        1.723057420882665
        1.722455735293763
        1.721853292761147
        1.721249738525357
        1.720645069506366
        1.720039282612764
        1.719432374741693
        1.718824342778808
        1.718215183598212
        1.717604894062410
        1.716993471022249
        1.716380911316871
        1.715767211773654
        1.715156493415500
        1.714547404586312
        1.713937185597817
        1.713325833301595
        1.712713344537516
        1.712099716133692
        1.711488885621715
        1.710878889354589
        1.710267760400427
        1.709672627360470
        1.709077576156903
        1.708481433655693
        1.707884196852000
        1.707285862729938
        1.706686428262530
        1.706085890411655
        1.705484246127998
        1.704881492350996
        1.704277626008790
        1.703672644018166
        1.703066543284512
        1.702459320701760
        1.701850973152326
        1.701241497507074
        1.700630890625244
        1.700019149354410
        1.699406270530420
        1.698792250977348
        1.698177087507426
        1.697565448580406
        1.696958826499032
        1.696351081120108
        1.695742209320689
        1.695132207966234
        1.694521073910569
        1.693908803995819
        1.693295395052364
        1.692680843898776
        1.692065147341772
        1.691448302176151
        1.690831455440033
        1.690226110351595
        1.689619645512338
        1.689012057812462
        1.688403344130635
        1.687793501333952
        1.687182526277866
        1.686570415806153
        1.685957166750837
        1.685342775932153
        1.684727240158480
        1.684110556226293
        1.683492720920105
        1.682873731012408
        1.682253583263624
        1.681632274422039
        1.681009801223756
        1.680386160392630
        1.679761348640217
        1.679135362665707
        1.678508199155878
        1.677879854785032
        1.677250326214927
        1.676619610094735
        1.675987703060970
        1.675354601737434
        1.674720302735153
        1.674084802652321
        1.673448098074233
        1.672810185573234
        1.672171061708643
        1.671533573391011
        1.670898319573069
        1.670261861960272
        1.669624197127623
        1.668985321637113
        1.668345232037672
        1.667703924865096
        1.667061396641993
        1.666419524599277
        1.665780898049779
        1.665141058101241
        1.664500001292163
        1.663857724147869
        1.663214223180434
        1.662569494888637
        1.661923535757881
        1.661276342260142
        1.660627910853896
        1.659978237984062
        1.659327320081930
        1.658681462020881
        1.658034523071153
        1.657386346943520
        1.656736930085700
        1.656105261790952
        1.655479645203327
        1.654852852122992
        1.654224879228176
        1.653595723184586
        1.652969072659089
        1.652344719904635
        1.651719194222364
        1.651092492303920
        1.650464610828497
        1.649835546462777
        1.649205295860865
        1.648573855664242
        1.647941222501693
        1.647311537413814
        1.646682721513737
        1.646052720080536
        1.645421529758342
        1.644798149048563
        1.644176867014048
        1.643554420698224
        1.642930806825234
        1.642306022106910
        1.641680063242738
        1.641052926919775
        1.640424609812613
        1.639795108583301
        1.639164419881303
        1.638532540343423
        1.637899466593757
        1.637265195243629
        1.636629722891525
        1.635993046123044
        1.635355161510824
        1.634716065614491
        1.634075754980588
        1.633434226142522
        1.632791475620495
        1.632147499921443
        1.631502295538972
        1.630855858953296
        1.630208186631173
        1.629559275025837
        1.628909120576940
        1.628260581229407
        1.627614406623705
        1.626966997033044
        1.626318348913538
        1.625668458707723
        1.625017322844507
        1.624364937739089
        1.623711299792898
        1.623056405393535
        1.622400250914692
        1.621767463528744
        1.621142705621846
        1.620516773644713
        1.619889664284689
        1.619261374216650
        1.618631900102932
        1.618001238593288
        1.617369386324814
        1.616736339921896
        1.616102095996150
        1.615466651146356
        1.614830001958410
        1.614192145005246
        1.613553076846788
        1.612912794029880
        1.612271293088230
        1.611628570542341
        1.610984622899454
        1.610339446653482
        1.609693038284944
        1.609045394260908
        1.608396511034916
        1.607746385046933
        1.607098142950842
        1.606481033124644
        1.605862770730936
        1.605243352537752
        1.604622775301027
        1.604001035764542
        1.603378130659874
        1.602754056706329
        1.602128810610894
        1.601502389068169
        1.600874788760321
        1.600246006357011
        1.599616038515350
        1.598984881879825
        1.598352533082254
        1.597718988741717
        1.597084245464493
        1.596448299844011
        1.595811148460776
        1.595172787882319
        1.594536559745680
        1.593907282060155
        1.593276817534712
        1.592645162808552
        1.592012314508169
        1.591378269247299
        1.590743023626858
        1.590106574234874
        1.589472807818380
        1.588840231273916
        1.588206458540242
        1.587571486221190
        1.586935310907729
        1.586297929177894
        1.585659337596734
        1.585019532716240
        1.584378511075293
        1.583736269199597
        1.583092803601610
        1.582448110780495
        1.581808491170678
        1.581167747388916
        1.580525784166083
        1.579882598017670
        1.579238185445873
        1.578592542939544
        1.577945666974110
        1.577297554011526
        1.576648200500201
        1.575997602874931
        1.575345757556843
        1.574694967725666
        1.574047138086284
        1.573398068711918
        1.572747756040490
        1.572096196496255
        1.571443386489749
        1.570789322417716
        1.570134000663038
        1.569477417594679
        1.568819569567608
        1.568160452922739
        1.567500063986855
        1.566843216558433
        1.566186923247735
        1.565529365815998
        1.564870540607365
        1.564210443951870
        1.563549072165370
        1.562886421549469
        1.562222488391460
        1.561557268964248
        1.560890759526284
        1.560222956321490
        1.559554536144927
        1.558890898506011
        1.558225975456999
        1.557559763259670
        1.556892258161301
        1.556226892362696
        1.555562431142243
        1.554900556494149
        1.554242447500433
        1.553583069133596
        1.552922417717500
        1.552260489561810
        1.551597280961905
        1.550932788198821
        1.550267007539180
        1.549599935235115
        1.548931567524205
        1.548261900629398
        1.547590930758950
        1.546921092422950
        1.546252060766671
        1.545581727989191
        1.544910090291222
        1.544237143858664
        1.543562884862541
        1.542887309458928
        1.542210413788869
        1.541532193978318
        1.540852646138050
        1.540171766363602
        1.539489550735182
        1.538805995317611
        1.538121096160227
        1.537434849296833
        1.536747250745596
        1.536058296508990
        1.535370645748565
        1.534686060774141
        1.534000129021404
        1.533312846512176
        1.532624209252608
        1.531934213233079
        1.531254626087531
        1.530581766367217
        1.529907594337148
        1.529251089029326
        1.528614002068042
        1.527975706095011
        1.527336197665414
        1.526695473321340
        1.526053529591711
        1.525410362992228
        1.524765970025302
        1.524120347179997
        1.523473490931955
        1.522825397743349
        1.522176064062799
        1.521525486325324
        1.520873660952269
        1.520220584351233
        1.519566252916020
        1.518910663026554
        1.518253811048827
        1.517595693334822
        1.516936306222451
        1.516275646035484
        1.515613709083482
        1.514950491661732
        1.514285990051168
        1.513620200518313
        1.512953119315197
        1.512284742679303
        1.511615066833477
        1.510944087985873
        1.510271802329871
        1.509598206044012
        1.508923295291918
        1.508247066222228
        1.507569514968522
        1.506894271186971
        1.506219847956784
        1.505544107837869
        1.504867046969395
        1.504188661475419
        1.503508947464822
        1.502827901031223
        1.502145518252920
        1.501461795192795
        1.500776727898258
        1.500090312401158
        1.499402544717709
        1.498713420848416
        1.498022936777993
        1.497331088475292
        1.496640198127018
        1.495952762644565
        1.495263971959214
        1.494573822059566
        1.493882308918372
        1.493189428492453
        1.492495176722632
        1.491799549533643
        1.491107626053323
        1.490418694180816
        1.489732094867307
        1.489044142823987
        1.488354834049220
        1.487664164525562
        1.486972130219699
        1.486278727082360
        1.485583951048235
        1.484887798035907
        1.484190263947757
        1.483491344669900
        1.482791036072087
        1.482089334007640
        1.481392449984748
        1.480695258167506
        1.479996682180476
        1.479296717897471
        1.478595361175887
        1.477892607856620
        1.477188453763989
        1.476484475033153
        1.475798037889020
        1.475110248494540
        1.474421102849968
        1.473730596939763
        1.473038726732521
        1.472345488180891
        1.471650877221493
        1.470954889774847
        1.470257521745287
        1.469558769020882
        1.468858627473355
        1.468157092958004
        1.467454161313616
        1.466749828362390
        1.466044089909846
        1.465336941744755
        1.464628379639042
        1.463918399347706
        1.463223720676241
        1.462545830411091
        1.461866613084513
        1.461186064795835
        1.460504181629086
        1.459820959652915
        1.459138593149360
        1.458458552513729
        1.457777178494102
        1.457094467165001
        1.456410414585517
        1.455725016799249
        1.455038269834213
        1.454350169702779
        1.453665513150498
        1.453012511917749
        1.452358256068138
        1.451702741982432
        1.451045966027459
        1.450387924556049
        1.449728613906963
        1.449068030404820
        1.448406170360043
        1.447743030068774
        1.447078605812816
        1.446412893859558
        1.445745890461909
        1.445077591858221
        1.444407994272231
        1.443737093912972
        1.443064886974718
        1.442391369636905
        1.441716538064054
        1.441040388405710
        1.440362916796353
        1.439684119355342
        1.439003992186826
        1.438322531379679
        1.437639733007419
        1.436955593128137
        1.436270107784420
        1.435583273003270
        1.434895084796036
        1.434205539158328
        1.433514632069948
        1.432822359494800
        1.432128717380828
        1.431433701659918
        1.430737308247836
        1.430039533044134
        1.429340371932079
        1.428639820778570
        1.427937875434049
        1.427234531732432
        1.426529785491015
        1.425826671116296
        1.425125267764357
        1.424422467675385
        1.423718266673137
        1.423012660564710
        1.422305645140449
        1.421597216173868
        1.420887369421564
        1.420176100623130
        1.419463405501075
        1.418749279760731
        1.418033719090177
        1.417316719160140
        1.416598275623920
        1.415878384117289
        1.415160494140907
        1.414445316874842
        1.413728701506473
        1.413010643693764
        1.412291139077171
        1.411570183279573
        1.410847918996594
        1.410130423801354
        1.409411483503167
        1.408691093731775
        1.407969250099273
        1.407245948200034
        1.406521183610611
        1.405794951889642
        1.405067248577775
        1.404338069197560
        1.403609645673821
        1.402883987064499
        1.402156858606793
        1.401428255830323
        1.400698174246572
        1.399966609348774
        1.399233556611839
        1.398499011492249
        1.397762969427966
        1.397025425838344
        1.396287511119379
        1.395554859311137
        1.394820716345037
        1.394085077664041
        1.393347938692513
        1.392609323313002
        1.391886587306906
        1.391196681552832
        1.390505413280891
        1.389812778450765
        1.389118773006156
        1.388423392874687
        1.387726633967842
        1.387028492180865
        1.386328963392700
        1.385628043465891
        1.384925728246518
        1.384222013564099
        1.383516895231521
        1.382810369044948
        1.382102430783738
        1.381393076210367
        1.380682301070332
        1.379970101092080
        1.379259353905465
        1.378559211612016
        1.377857676348515
        1.377154743953740
        1.376450410249884
        1.375744671042456
        1.375037522120218
        1.374328959255084
        1.373618978202049
        1.372907574699092
        1.372194744467102
        1.371480483209784
        1.370764786613578
        1.370047650347570
        1.369329070063401
        1.368609041395189
        1.367887559959427
        1.367164621354909
        1.366440221162625
        1.365715089419150
        1.364994192679189
        1.364271840542363
        1.363548028596828
        1.362822752412900
        1.362096007542944
        1.361370120047986
        1.360646896560875
        1.359922210621542
        1.359196057789597
        1.358468433606649
        1.357739333596229
        1.357008753263681
        1.356276688096088
        1.355547263962368
        1.354818759813862
        1.354088777158486
        1.353357311490698
        1.352624358286634
        1.351889913004007
        1.351153971082026
        1.350416527941283
        1.349677578983678
        1.348937119592303
        1.348200927886441
        1.347464091829270
        1.346725751815245
        1.345985903235072
        1.345244541460596
        1.344501661844720
        1.343757259721291
        1.343011330405016
        1.342263869191353
        1.341514871356421
        1.340764332156893
        1.340012246829903
        1.339258610592936
        1.338517469411360
        1.337782278406587
        1.337045588481286
        1.336307395046743
        1.335567693495489
        1.334831734237578
        1.334095654596799
        1.333358073315638
        1.332618985794261
        1.331878387414038
        1.331136273537435
        1.330392639507913
        1.329647480649843
        1.328900792268395
        1.328152762982984
        1.327409748898326
        1.326665211892504
        1.325919147278520
        1.325171550350132
        1.324422416381736
        1.323671740628287
        1.322919518325183
        1.322165744688168
        1.321410414913237
        1.320655355774099
        1.319903765221654
        1.319150625290216
        1.318395931183854
        1.317639678086816
        1.316881861163444
        1.316123578081132
        1.315369519890786
        1.314624179682695
        1.313902932546117
        1.313180228950901
        1.312456064480909
        1.311730434702141
        1.311003335162625
        1.310274761392345
        1.309544708903132
        1.308813173188585
        1.308080149723975
        1.307345633966144
        1.306609621353422
        1.305872107305525
        1.305144275781768
        1.304433548459718
        1.303721396443307
        1.303007815444407
        1.302292801157674
        1.301576349260444
        1.300858455412658
        1.300139115256767
        1.299418324417645
        1.298696078502509
        1.297972373100811
        1.297247203784171
        1.296520566106266
        1.295792455602756
        1.295062867791179
        1.294331798170870
        1.293599242222858
        1.292865195409784
        1.292129653175801
        1.291392610946475
        1.290654064128703
        1.289914008110603
        1.289172438261433
        1.288429349931478
        1.287684738451971
        1.286938599134976
        1.286190927273306
        1.285441718140417
        1.284690966990303
        1.283938669057410
        1.283184819556519
        1.282429413682657
        1.281672446610986
        1.280913913496711
        1.280153809474962
        1.279392129660704
        1.278628869148623
        1.277864023013028
        1.277097586307734
        1.276330111299077
        1.275567515497386
        1.274803336144140
        1.274037568301780
        1.273270207012196
        1.272501247296624
        1.271730684155535
        1.270958512568532
        1.270184727494232
        1.269409323870165
        1.268635889579778
        1.267864395540752
        1.267091290138726
        1.266316568320113
        1.265544486716188
        1.264773670505657
        1.264001245056361
        1.263227205323601
        1.262451546241579
        1.261674262723267
        1.260895349660317
        1.260124265732833
        1.259363425058350
        1.258601006298854
        1.257837004539505
        1.257094176401577
        1.256351796976259
        1.255607896581605
        1.254862470538630
        1.254115514149145
        1.253367022695641
        1.252616991441207
        1.251865415629420
        1.251112290484244
        1.250357611209937
        1.249601372990937
        1.248843570991773
        1.248084200356951
        1.247323256210857
        1.246560733657648
        1.245796627781151
        1.245030933644756
        1.244263646291308
        1.243494760743003
        1.242724272001274
        1.241952175046696
        1.241178464838858
        1.240403136316273
        1.239626184396251
        1.238847603974802
        1.238067389926511
        1.237285537104435
        1.236502040339990
        1.235716894442827
        1.234930094200731
        1.234141634379493
        1.233356383997871
        1.232571947316125
        1.231785858531652
        1.230998112419705
        1.230236729272537
        1.229478639350784
        1.228718979898835
        1.227957746037366
        1.227197522713053
        1.226437330030342
        1.225675561279261
        1.224912211553355
        1.224149159989699
        1.223386856591846
        1.222622970553598
        1.221857496941188
        1.221090430800318
        1.220321767156048
        1.219551501012703
        1.218779627353751
        1.218006141141703
        1.217231037317995
        1.216454310802890
        1.215675956495351
        1.214895969272947
        1.214114343991723
        1.213331075486104
        1.212546158568765
        1.211759588030529
        1.210971358640248
        1.210181465144679
        1.209389902268385
        1.208596664713596
        1.207808208742918
        1.207046383631373
        1.206282977369452
        1.205517985029578
        1.204751401663679
        1.203983222303084
        1.203213441958402
        1.202442055619433
        1.201669058255041
        1.200894444813061
        1.200118210220174
        1.199340349381810
        1.198560857182023
        1.197779728483392
        1.196996958126900
        1.196212540931818
        1.195426471695603
        1.194638745193767
        1.193849356179776
        1.193058299384920
        1.192265569518210
        1.191471161266245
        1.190679725882176
        1.189887922626121
        1.189094443928271
        1.188299284465181
        1.187502438890837
        1.186703901836528
        1.185903667910721
        1.185101731698950
        1.184298087763685
        1.183492730644218
        1.182686472424188
        1.181885290349363
        1.181082402960661
        1.180277804807648
        1.179471490416641
        1.178691464531128
        1.177917388692743
        1.177141693391726
        1.176364373540584
        1.175585424030486
        1.174804839731162
        1.174022615490779
        1.173245904766157
        1.172477740934363
        1.171707976167057
        1.170936605454236
        1.170163623764971
        1.169389026047300
        1.168612807228111
        1.167834962213040
        1.167055485886350
        1.166274373110830
        1.165491618727670
        1.164707217556358
        1.163921164394556
        1.163133454017996
        1.162344081180357
        1.161553040613145
        1.160760327025587
        1.159972493817692
        1.159192684731439
        1.158411238147787
        1.157628148903522
        1.156843411813693
        1.156057021671510
        1.155268973248225
        1.154479261293007
        1.153687880532841
        1.152894825672398
        1.152100091393924
        1.151306161201240
        1.150514050523013
        1.149720263426625
        1.148924794584502
        1.148127638646462
        1.147328790239613
        1.146528243968217
        1.145725994413580
        1.144922036133925
        1.144116363664266
        1.143308971516293
        1.142499854178233
        1.141689006114744
        1.140876421766768
        1.140063622087916
        1.139255291048086
        1.138445231806431
        1.137633438814710
        1.136823954287654
        1.136014871978996
        1.135204059057357
        1.134391509964169
        1.133577219117027
        1.132761180909574
        1.131943389711360
        1.131123839867724
        1.130302525699658
        1.129479441503670
        1.128654581551667
        1.127827940090804
        1.127005969800040
        1.126183695224221
        1.125363424393244
        1.124543915432084
        1.123722642278581
        1.122899599229812
        1.122074780558257
        1.121248180511648
        1.120419793312847
        1.119589613159713
        1.118769885013722
        1.117970474643286
        1.117169364615448
        1.116366549503880
        1.115562023859126
        1.114755782208490
        1.113947819055896
        1.113138128881781
        1.112326706142958
        1.111513545272488
        1.110698640679563
        1.109881986749366
        1.109063577842953
        1.108243408297111
        1.107421472424244
        1.106597764512221
        1.105772278824265
        1.104947745444139
        1.104125050976217
        1.103300582014032
        1.102474332810195
        1.101648967252204
        1.100827096552128
        1.100003454023773
        1.099178033931263
        1.098354967102179
        1.097532340344364
        1.096707939311469
        1.095881758257050
        1.095057753242579
        1.094248454082271
        1.093437423612800
        1.092624656272617
        1.091810146476314
        1.090993888614522
        1.090175877053758
        1.089356106136315
        1.088535505853101
        1.087716935814630
        1.086896604616465
        1.086074506568759
        1.085251648716062
        1.084430757609896
        1.083608097843994
        1.082783663696160
        1.081957973615021
        1.081134752422397
        1.080309755030156
        1.079482975683537
        1.078654408602898
        1.077824047983574
        1.076992068640201
        1.076162935159676
        1.075332006300086
        1.074499276223629
        1.073664739067160
        1.072828388942067
        1.071990219934116
        1.071150226103331
        1.070308401483832
        1.069472613730256
        1.068648182258019
        1.067821970665618
        1.066993973181348
        1.066164184008518
        1.065332597325328
        1.064499207284724
        1.063667601197904
        1.062837059908765
        1.062004718663506
        1.061170571604462
        1.060334612848517
        1.059496836486979
        1.058657236585427
        1.057815807183584
        1.056976864356473
        1.056138326188353
        1.055297961991026
        1.054455765793362
        1.053611731598157
        1.052765853382010
        1.051918125095165
        1.051068540661381
        1.050217093977776
        1.049363778914679
        1.048508589315499
        1.047659748230814
        1.046830478946342
        1.045999413841448
        1.045176893984745
        1.044358221246249
        1.043537787016430
        1.042715585604016
        1.041891611293186
        1.041065858343449
        1.040238320989501
        1.039408993441095
        1.038577869882905
        1.037744944474391
        1.036910211349657
        1.036073664617323
        1.035235298360381
        1.034395106636050
        1.033553083475647
        1.032709222884434
        1.031863518841488
        1.031015965299545
        1.030166556184869
        1.029315285397090
        1.028462146809080
        1.027607134266783
        1.026750241589087
        1.025891462567659
        1.025030790966806
        1.024172690049569
        1.023327572322344
        1.022481442202801
        1.021633461185619
        1.020783623190932
        1.019933451248511
        1.019109363750621
        1.018283497247121
        1.017455845971124
        1.016626404130791
        1.015795165909188
        1.014962125464167
        1.014127276928210
        1.013290614408311
        1.012452131985818
        1.011611823716309
        1.010769683629438
        1.009925705728811
        1.009079883991822
        1.008232212369530
        1.007382684786503
        1.006531295140672
        1.005678037303195
        1.004822905118298
        1.003965892403138
        1.003106992947642
        1.002246200514371
        1.001387849773761
        1.000528377981922
        0.999667011318838
        0.998803743511183
        0.997938568257906
        0.997071479230078
        0.996202470070743
        0.995336980386395
        0.994472753171084
        0.993606615327696
        0.992738560513218
        0.991871835178432
        0.991006840753505
        0.990139933154320
        0.989271106026577
        0.988400352987810
        0.987527667627220
        0.986653043505530
        0.985776474154814
        0.984903723704105
        0.984030261274414
        0.983154857492097
        0.982277505877692
        0.981398199922875
        0.980521211690286
        0.979645028655517
        0.978766895185804
        0.977886804761210
        0.977004750832717
        0.976120726822043
        0.975234726121495
        0.974350590145879
        0.973496150559960
        0.972640833553274
        0.971783635406291
        0.970924549906254
        0.970063570813014
        0.969200691858892
        0.968335906748506
        0.967469209158639
        0.966600592738070
        0.965730051107427
        0.964857577859025
        0.963983166556715
        0.963106810735722
        0.962228503902483
        0.961348239534495
        0.960477977902734
        0.959607844849728
        0.958735781539427
        0.957861781541731
        0.956985838397940
        0.956111143361749
        0.955238320000492
        0.954363557417988
        0.953486849144261
        0.952608188680529
        0.951727569499035
        0.950844985042879
        0.949960428725872
        0.949077802354320
        0.948196413468706
        0.947313056729809
        0.946427725539909
        0.945540413271750
        0.944651113268389
        0.943759818843025
        0.942866523278825
        0.941975867309771
        0.941086431728391
        0.940201532143003
        0.939314652928671
        0.938425787434951
        0.937554471352448
        0.936693301263072
        0.935830230680243
        0.934965253305784
        0.934098362813667
        0.933229552849839
        0.932358817032090
        0.931486148949873
        0.930611542164167
        0.929734990207300
        0.928856486582811
        0.927976024765264
        0.927093598200113
        0.926209200303517
        0.925322824462189
        0.924434464033232
        0.923544112343961
        0.922651762691750
        0.921757408343852
        0.920861042537242
        0.919962658478434
        0.919062249343320
        0.918159808276987
        0.917255328393552
        0.916371862046532
        0.915486981480078
        0.914600121348541
        0.913711275001755
        0.912820435759742
        0.911927596912526
        0.911032751719983
        0.910138765937505
        0.909247166084967
        0.908353564064306
        0.907457953123870
        0.906560326481614
        0.905660677324925
        0.904762459961582
        0.903866084025441
        0.902967689802876
        0.902070582997219
        0.901175456900563
        0.900278316739599
        0.899379155709103
        0.898477966973152
        0.897574743664964
        0.896669478886714
        0.895762165709354
        0.894861408006303
        0.893962932222136
        0.893062431051338
        0.892159897637596
        0.891268709814188
        0.890380379750813
        0.889490058529277
        0.888597739447415
        0.887703415772938
        0.886807080743288
        0.885908727565441
        0.885008349415762
        0.884105939439807
        0.883201490752172
        0.882294996436297
        0.881386449544310
        0.880475843096827
        0.879563170082797
        0.878648423459305
        0.877731596151395
        0.876812681051893
        0.875901900734168
        0.874992010989054
        0.874080057118061
        0.873166032089373
        0.872249928839191
        0.871331740271563
        0.870411459258189
        0.869491877206326
        0.868593628248313
        0.867693354671032
        0.866791049621643
        0.865886706216332
        0.864980317540159
        0.864071876646862
        0.863161376558695
        0.862248810266237
        0.861334170728222
        0.860417450871354
        0.859498643590120
        0.858577741746616
        0.857656709205403
        0.856737325843141
        0.855815845947275
        0.854892262338317
        0.853966567803954
        0.853038755098870
        0.852108816944550
        0.851176746029100
        0.850249114407801
        0.849324372768843
        0.848397516230810
        0.847468537530178
        0.846537429370134
        0.845604184420364
        0.844668795316881
        0.843731254661811
        0.842796841773241
        0.841868633701380
        0.840938298820791
        0.840005829813339
        0.839071219327268
        0.838143538934556
        0.837218223688511
        0.836290791574187
        0.835361235319035
        0.834429547617168
        0.833498699307921
        0.832570501102254
        0.831640176121791
        0.830719254735143
        0.829811403711150
        0.828901495498709
        0.827989523097517
        0.827075479475464
        0.826159357568470
        0.825241150280287
        0.824320850482333
        0.823398451013487
        0.822473944679926
        0.821547324254915
        0.820618582478640
        0.819687712058004
        0.818754705666438
        0.817819555943718
        0.816882255495757
        0.815942796894427
        0.815010772062059
        0.814080707841817
        0.813148510426490
        0.812214172468609
        0.811278292951783
        0.810345528500172
        0.809410621551520
        0.808473564715578
        0.807534350568079
        0.806592971650521
        0.805649954776665
        0.804710168405455
        0.803768215284393
        0.802824087911418
        0.801877778749794
        0.800929280227911
        0.799978584739087
        0.799025684641362
        0.798070572257286
        0.797113239873727
        0.796160622816977
        0.795216952133736
        0.794271101245617
        0.793323062588347
        0.792372828562613
        0.791420391533870
        0.790465743832135
        0.789508877751771
        0.788549785551296
        0.787588459453156
        0.786624891643533
        0.785681109409699
        0.784753056210566
        0.783822876735277
        0.782890563668142
        0.781956109659869
        0.781019507327368
        0.780080749253573
        0.779139827987224
        0.778196736042693
        0.777251465899761
        0.776306223897680
        0.775370486050643
        0.774432595447965
        0.773492544652155
        0.772550326191424
        0.771605932559482
        0.770659356215343
        0.769710589583126
        0.768759625051842
        0.767806454975207
        0.766851071671419
        0.765893467422970
        0.764933634476421
        0.763971565042208
        0.763007251294416
        0.762041013461585
        0.761078373185134
        0.760113486596153
        0.759146345822836
        0.758180387178827
        0.757214928647828
        0.756247213926749
        0.755277235097573
        0.754304984205178
        0.753339111497814
        0.752380913451837
        0.751420484633253
        0.750457817242824
        0.749492903444902
        0.748528908434391
        0.747565677478272
        0.746600198140584
        0.745632462539840
        0.744662462757678
        0.743690190838633
        0.742715638789936
        0.741738798581275
        0.740759662144592
        0.739778221373855
        0.738794468124823
        0.737825912571261
        0.736856480916694
        0.735884779122305
        0.734910799204688
        0.733934533142965
        0.732955972878553
        0.731975110314956
        0.730991937317536
        0.730006445713279
        0.729018627290587
        0.728028473799030
        0.727035976949136
        0.726057248804179
        0.725081383866890
        0.724103226141547
        0.723122767538314
        0.722139999929250
        0.721154915148081
        0.720167504989987
        0.719177761211357
        0.718193355172030
        0.717220191935643
        0.716244745431628
        0.715267007614926
        0.714286970402646
        0.713304625673827
        0.712322759807723
        0.711342161135805
        0.710362891740535
        0.709396598107536
        0.708428045354776
        0.707457225550515
        0.706484130725833
        0.705508752874424
        0.704531083952361
        0.703551115877894
        0.702568840531207
        0.701584249754212
        0.700597335350312
        0.699608089084172
        0.698621669409991
        0.697640597972528
        0.696657215362761
        0.695672345408182
        0.694690724421899
        0.693706790319979
        0.692720534916757
        0.691739671745137
        0.690759446206151
        0.689776912485074
        0.688792062419526
        0.687804887808592
        0.686815380412595
        0.685823531952877
        0.684829334111551
        0.683832778531289
        0.682833856815066
        0.681832560525947
        0.680828881186827
        0.679822810280210
        0.678820871111107
        0.677816628471673
        0.676809992249914
        0.675800953878065
        0.674789504747434
        0.673775636208134
        0.672759339568855
        0.671740606096601
        0.670731482914246
        0.669728598181632
        0.668727079927946
        0.667723177831347
        0.666716883370549
        0.665708187983616
        0.664697083067696
        0.663683559978798
        0.662670233344740
        0.661664139334098
        0.660656734929082
        0.659646925622125
        0.658653088245630
        0.657658316993485
        0.656661185961134
        0.655661686741855
        0.654659810888952
        0.653655549915504
        0.652648895294144
        0.651639838456794
        0.650628370794446
        0.649614483656897
        0.648598168352515
        0.647583477419441
        0.646569040409622
        0.645552173256181
        0.644532867216314
        0.643511113505237
        0.642490288790486
        0.641470430434801
        0.640448122417014
        0.639423355900517
        0.638397030474894
        0.637374169696588
        0.636355477836033
        0.635334519494121
        0.634311107523470
        0.633285233068372
        0.632259076910068
        0.631246409704327
        0.630231318715495
        0.629213795231282
        0.628193830497603
        0.627171415718308
        0.626146542054943
        0.625119200626492
        0.624089382509111
        0.623057078735888
        0.622024875320362
        0.620994508623217
        0.619961654282614
        0.618926303278687
        0.617888446547900
        0.616849411924945
        0.615813510047966
        0.614775100442842
        0.613739069413499
        0.612709551721216
        0.611677549461363
        0.610649431128093
        0.609619373674930
        0.608586829698824
        0.607551790185328
        0.606514246076366
        0.605476567818140
        0.604440986405381
        0.603402898428768
        0.602369955490440
        0.601347646425272
        0.600322878857616
        0.599295643908287
        0.598265932655301
        0.597233736133596
        0.596199045334793
        0.595161851206910
        0.594122144654124
        0.593079916536490
        0.592035157669666
        0.590987858824666
        0.589938010727563
        0.588885752667692
        0.587837913648905
        0.586787523404292
        0.585734572605098
        0.584690863606482
        0.583651726759285
        0.582610070420738
        0.581565885416584
        0.580519162527961
        0.579482932730846
        0.578449920545999
        0.577414411125137
        0.576376395401952
        0.575335864266202
        0.574292808563439
        0.573247219094734
        0.572199086616411
        0.571148401839782
        0.570095155430865
        0.569039338010104
        0.567980940152102
        0.566919952385325
        0.565856365191840
        0.564790169007007
        0.563721354219215
        0.562649911169571
        0.561575830151629
        0.560513451509231
        0.559448797382632
        0.558381530335496
        0.557311640736887
        0.556239118908485
        0.555167997667785
        0.554097573849336
        0.553024515828133
        0.551967739793382
        0.550908954205928
        0.549847577285533
        0.548783599507279
        0.547717011299499
        0.546647803043515
        0.545575965073320
        0.544505184452122
        0.543435452034154
        0.542363087966792
        0.541288082526888
        0.540210425943346
        0.539130108396804
        0.538060117894626
        0.536994243111173
        0.535925750909448
        0.534854631636397
        0.533780875591432
        0.532704473026157
        0.531625414144049
        0.530543689100189
        0.529471613101897
        0.528398070027317
        0.527325752759645
        0.526250794292444
        0.525173184855475
        0.524092914630235
        0.523009973749686
        0.521924352297934
        0.520843431965668
        0.519769932206942
        0.518693786875944
        0.517614986180844
        0.516533520281420
        0.515449379288780
        0.514362553265040
        0.513273032223038
        0.512180806126012
        0.511092258652315
        0.510002224195037
        0.508909482769273
        0.507814024278837
        0.506731051410709
        0.505652906341627
        0.504572098498965
        0.503490244808356
        0.502409107483631
        0.501325296285485
        0.500238801282079
        0.499149612492334
        0.498057719885609
        0.496963113381408
        0.495865782849053
        0.494765718107392
        0.493662908924468
        0.492557345017203
        0.491449016051090
        0.490350415434585
        0.489257197932956
        0.488161261589738
        0.487062596249634
        0.485961191706698
        0.484857037704035
        0.483750123933480
        0.482640440035267
        0.481539174118908
        0.480436942487764
        0.479335329371449
        0.478233680507878
        0.477133538366352
        0.476030651493726
        0.474925009605485
        0.473816602365652
        0.472705419386497
        0.471591450228184
        0.470474684398469
        0.469355111352356
        0.468232720491763
        0.467108402285252
        0.465988330786603
        0.464865439590276
        0.463743053063826
        0.462628162448761
        0.461515348090100
        0.460399741410402
        0.459281331886551
        0.458160108942479
        0.457036061948857
        0.455909180222726
        0.454779453027194
        0.453650911055368
        0.452528876806190
        0.451407847965307
        0.450297816540223
        0.449185881228152
        0.448071156905074
        0.446953633064509
        0.445833299147141
        0.444710144540485
        0.443584158578541
        0.442455330541479
        0.441323649655270
        0.440189105091372
        0.439060773676849
        0.437935758706677
        0.436811502382055
        0.435684410532525
        0.434554472417185
        0.433421677240807
        0.432286014153515
        0.431147472250413
        0.430006040571261
        0.428861708100098
        0.427714463764914
        0.426564296437268
        0.425411194931947
        0.424262816461447
        0.423124890166313
        0.421993248592678
        0.420858743490660
        0.419721363977603
        0.418584872957236
        0.417447187367017
        0.416306615262355
        0.415163145643887
        0.414016767456281
        0.412867469587905
        0.411715240870442
        0.410560070078551
        0.409401945929493
        0.408250422028042
        0.407105886040121
        0.405958437410843
        0.404808065007814
        0.403654757641824
        0.402498504066507
        0.401339292977955
        0.400178506253842
        0.399032924384914
        0.397884425878802
        0.396732999582730
        0.395582426442913
        0.394430703028032
        0.393276039475084
        0.392118424511239
        0.390957846805953
        0.389794294970617
        0.388627757558179
        0.387458223062759
        0.386285679919291
        0.385110921675663
        0.383946623829720
        0.382779337533065
        0.381610301929778
        0.380442719123533
        0.379272135202061
        0.378098538579518
        0.376921941719250
        0.375748048376542
        0.374571129539436
        0.373391173496361
        0.372208168475209
        0.371022102642970
        0.369836751720101
        0.368659587017787
        0.367484670807332
        0.366306725144691
        0.365134739240295
        0.363963729412725
        0.362793987381526
        0.361621235900887
        0.360445463342030
        0.359267170410042
        0.358091116512947
        0.356912028759569
        0.355729895395133
        0.354544704604045
        0.353361833773450
        0.352176360295584
        0.350987816415393
        0.349796190188793
        0.348601469609674
        0.347403642609489
        0.346202697056844
        0.344998620757104
        0.343791401451962
        0.342581026819038
        0.341373636490961
        0.340177931295601
        0.338979516927039
        0.337783534911840
        0.336584441551242
        0.335383668695285
        0.334184299549925
        0.332981805823761
        0.331776411558829
        0.330573643368981
        0.329368060899083
        0.328165020358212
        0.326958840869179
        0.325749510130824
        0.324537015777615
        0.323321345379253
        0.322113962185929
        0.320916104538718
        0.319715128219283
        0.318511021032367
        0.317303770719029
        0.316093364956258
        0.314879791356538
        0.313663540691117
        0.312449703262823
        0.311232684507313
        0.310012471901346
        0.308789052855852
        0.307562414715526
        0.306332544758364
        0.305099430195250
        0.303863058169485
        0.302628387869825
        0.301401090095587
        0.300172525912622
        0.298944968188081
        0.297714175009393
        0.296480133568232
        0.295245514086469
        0.294011212977350
        0.292773649699674
        0.291540128221448
        0.290317872102761
        0.289092401481053
        0.287863703658534
        0.286631765870442
        0.285396575284617
        0.284158119001035
        0.282916384051382
        0.281671357398574
        0.280423025936330
        0.279171376488685
        0.277916395809551
        0.276658070582226
        0.275407697162343
        0.274158739982710
        0.272906462321033
        0.271655229641960
        0.270402704893651
        0.269146845416532
        0.267887656511187
        0.266631551466740
        0.265372097375415
        0.264116596904608
        0.262866551704753
        0.261613181680101
        0.260356473548119
        0.259096413955418
        0.257832989477306
        0.256569897979498
        0.255307083836158
        0.254046552030030
        0.252782653445539
        0.251515374576053
        0.250244701842605
        0.248976692052029
        0.247705784266030
        0.246431468018101
        0.245153729578032
        0.243877266185348
        0.242599293457033
        0.241317883786817
        0.240033023291212
        0.238748579124791
        0.237463485280968
        0.236176781344888
        0.234891456813202
        0.233602665619339
        0.232320761651806
        0.231041767835941
        0.229759332955458
        0.228473443104643
        0.227184084302767
        0.225891242493556
        0.224594903544705
        0.223298416266457
        0.222001853354488
        0.220701778183388
        0.219398176462258
        0.218092912424384
        0.216789087643404
        0.215481721034383
        0.214172912404329
        0.212865324562557
        0.211557585493606
        0.210255205563763
        0.208954152024538
        0.207649567950992
        0.206341438952928
        0.205029750561847
        0.203714488230402
        0.202395637331858
        0.201073183159566
        0.199747962311052
        0.198425293250918
        0.197099005247409
        0.195769083427544
        0.194437215641980
        0.193108577565109
        0.191785383119056
        0.190458567571682
        0.189128116038173
        0.187794013552009
        0.186456245064432
        0.185114795443849
        0.183771391420231
        0.182429732323748
        0.181085409284993
        0.179747124007203
        0.178405155461658
        0.177059488421617
        0.175710107576276
        0.174356997530221
        0.173000142802810
        0.171639527827611
        0.170277838623391
        0.168917016712649
        0.167552418039233
        0.166184026858521
        0.164812656234676
        0.163444059006871
        0.162071652578706
        0.160695421024857
        0.159315348331120
        0.157931418393757
        0.156543615018901
        0.155151921921893
        0.153756322726677
        0.152358712271251
        0.150960996289685
        0.149563174770051
        0.148165247700389
        0.146767215068739
        0.145369076863146
        0.143970833071711
        0.142572483682367
        0.141174028683252
        0.139775468062320
        0.138376801807644
        0.136978029907325
