        44        65
        44        65
        44        65
        45        65
        45        65
        45        66
        46        66
        46        66
        46        66
        46        66
        47        67
        47        67
        47        67
        48        68
        48        68
        48        69
        49        69
        49        69
        49        69
        49        69
        49        69
        50        70
        50        70
        50        70
        50        70
        51        70
        51        71
        52        71
        52        71
        52        72
        53        72
        53        72
        53        72
        53        72
        54        73
        54        73
        55        73
        55        74
        55        74
        55        74
        56        75
        56        75
        56        75
        57        75
        57        75
        58        76
        58        76
        58        76
        59        76
        59        77
        59        77
        60        78
        60        78
        61        78
        61        78
        61        79
        62        79
        62        79
        63        80
        63        80
        64        80
        64        80
        65        81
        65        81
        66        81
        67        82
        67        82
        68        82
        69        83
        70        83
        71        84
        72        84
        73        84
        74        84
        75        85
        76        85
        77        86
        78        86
        79        86
        80        87
        81        87
        82        88
        83        88
        84        89
        85        89
        86        89
        87        90
        88        90
        89        91
        90        91
        91        92
        92        93
        93        93
        94        94
        95        95
        96        96
        97        97
        98        98
        99        99
       100       100
