        0.486593420500094
        0.485892789751540
        0.485172628429058
        0.484432105693191
        0.483670342753735
        0.482886409349502
        0.482091138771451
        0.481337259299272
        0.480561721199399
        0.479763574250338
        0.478941811634921
        0.478095365649617
        0.477223103016292
        0.476387534078751
        0.475536249065296
        0.474659101126998
        0.473754888866817
        0.472822335029590
        0.471980052144158
        0.471159165753666
        0.470314179605742
        0.469444012568370
        0.468547517626462
        0.467623476768424
        0.466670595387441
        0.465687496142699
        0.464672712218596
        0.463624679911708
        0.462541730465709
        0.461422081063422
        0.460263824872365
        0.459064920025299
        0.457915515917790
        0.456794556508535
        0.455635407600913
        0.454436073938491
        0.453194418149060
        0.451908147806206
        0.450574801045385
        0.449191730541801
        0.447787463635706
        0.446417536744624
        0.444996229972604
        0.443520580120269
        0.441987390385727
        0.440393206763317
        0.438859810022396
        0.437281848457161
        0.435729337264145
        0.434133826238564
        0.432474554685599
        0.430747596360201
        0.428948693866812
        0.427073222795609
        0.425116151071163
        0.423071992747643
        0.421054445244876
        0.419030881144560
        0.416916717715130
        0.414705680216767
        0.412461971891664
        0.410273314132180
        0.407983770029832
        0.405586137451019
        0.403197026267589
        0.400762266857662
        0.398209914513836
        0.395531157204834
        0.392917231829579
        0.390195547786357
        0.387335865744564
        0.384327308060296
        0.381313639231205
        0.378251905705150
        0.375026799989210
        0.371624740897859
        0.368030585159760
        0.364278993540612
        0.360787105210420
        0.357138797269869
        0.353281401654878
        0.349196194668336
        0.344862127801395
        0.340255453357053
        0.335726341341342
        0.331007623661186
        0.325983137601347
        0.320621777337168
        0.315410400131997
        0.309904233148831
        0.304017093299436
        0.297707534832080
        0.290927850299482
        0.283855400263242
        0.276834946164779
        0.269272586267455
        0.261701048043639
        0.253555067491877
        0.245044880840482
        0.236244661655018
        0.226704493682432
        0.216327957224316
        0.205002127133308
        0.193366583338571
        0.180948161667255
        0.167327185571794
        0.153547305032695
        0.138578930534769
        0.122136672395832
        0.104071696919361
        0.085852005584046
        0.066519571450447
        0.046056097262012
        0.026435137847854
        0.008959542152707
        0.000016449679270
        0.000000000000000
        0.000000000000000
        0.000000000000000
        0.000000000000000
