        0.995942407351067
        0.000000000000000
        2.000000000000000
        0.500000000000000
        1.000000000000000
        0.022800000000000
        0.131000000000000
       80.000000000000000
        0.000000000000000
        0.051625006437302
        0.200000000000000
        0.924524775568668
        0.075475224431328
        0.279285885425188
        0.008112012805218
        0.022800000000000
        0.849483621469507
        0.918832727816295
        0.574887989782030
        0.043389800051673
      -40.996790039075769
