        0.541653335284781
        0.541653335284781
        0.541653335284781
        0.541653335284781
        0.541653335284781
        0.541653335284781
        0.507688665935232
        0.507688665935232
        0.507688665935232
        0.507688665935232
        0.507688665935232
        0.507688665935232
        0.459169210119589
        0.459169210119589
        0.459169210119589
        0.459169210119589
        0.459169210119589
        0.388534758554047
        0.388534758554047
        0.388534758554047
        0.388534758554047
        0.262492422878075
        0.262492422878075
        0.262492422878075
        0.005458424896734
        0.005458424896734
        0.000000000000000
        0.000000000000000
        0.000000000000000
        0.000000000000000
