        0.898193819333325
        0.884985086696070
        0.871776354058815
        0.858567621421561
        0.845358888784306
        0.832390152638352
        0.819584150290070
        0.806778147941788
        0.793972145593506
        0.781166143245223
        0.768360140896940
        0.755554138548659
        0.742901519024693
        0.730309967854783
        0.717718416684873
        0.705126865514962
        0.692535314345053
        0.679943763175143
        0.667407811293980
        0.655103379403243
        0.642971835340221
        0.630840291277198
        0.618708747214174
        0.606577203151151
        0.594584792247557
        0.582693096402606
        0.570801400557654
        0.559131613520117
        0.547483038238447
        0.535834462956779
        0.524185887675110
        0.512547922945852
        0.501157969102611
        0.489768015259371
        0.478378061416129
        0.466988107572888
        0.455598153729646
        0.444341832842350
        0.433233287021291
        0.422124741200232
        0.411016195379173
        0.399907649558114
        0.388841894071224
        0.378040730347023
        0.367239566622822
        0.356438402898621
        0.345637239174421
        0.334847837284981
        0.324383842369825
        0.313919847454669
        0.303455852539514
        0.293055882623921
        0.282950507361027
        0.273069927933665
        0.263317430507462
        0.253564933081261
        0.243812435655058
        0.234096505649777
        0.224732645423786
        0.215368785197795
        0.206004924971804
        0.196641064745813
        0.187608187160907
        0.178674463962770
        0.169740956548296
        0.161253908720881
        0.152766860893466
        0.144279813066052
        0.136148963535643
        0.128140200974723
        0.120131438413802
        0.112124806497218
        0.104649819397403
        0.097174832297589
        0.090124313107176
        0.083191673637393
        0.076259034167611
        0.069677412439102
        0.063343102217366
        0.057008791995629
        0.050956070975190
        0.045294285311280
        0.039632499647370
        0.034317840876855
        0.029415292180161
        0.024767943733545
        0.020639953111287
        0.016511962489030
        0.013118547137333
        0.009838910353000
        0.007029583921559
        0.004686389281039
        0.002811640318023
        0.001405820159011
        0.000508265290876
        0.000001848695720
        0.000000000000000
        0.000000000000000
        0.000000000000000
        0.000000000000000
