        7.251971734879779
        7.013781225515249
        6.770636427748956
        6.536054020931205
        6.276632181223771
        5.998918290757189
        5.732989481536515
        5.447263659360934
        5.161650812133231
        4.862856856872280
        4.569120800695869
        4.253608266326770
        3.920760517059590
        3.592495810250588
        3.253030945782703
        2.909083648916762
        2.530523643294158
        2.160728812550151
        1.783225736689732
        1.395939883365024
        1.008747100267844
        0.604520757948740
        0.253569749928220
        0.024741291585319
        0.000000000000000
        0.000000000000000
        0.000000000000000
        0.000000000000000
        0.000000000000000
        0.000000000000000
        0.000000000000000
        0.000000000000000
        0.000000000000000
        0.000000000000000
        0.000000000000000
        0.000000000000000
        0.000000000000000
        0.000000000000000
        0.000000000000000
        0.000000000000000
