  -1.9989457327084661e+01	
  -1.9937969410607881e+01	
  -1.9886481494131097e+01	
  -1.9834993577654316e+01	
  -1.9783505661177536e+01	
  -1.9732017744700752e+01	
  -1.9680529828223971e+01	
  -1.9629041911747191e+01	
  -1.9577553995270410e+01	
  -1.9526066078793626e+01	
  -1.9474578162316845e+01	
  -1.9423090245840065e+01	
  -1.9371602329363281e+01	
  -1.9320114412886500e+01	
  -1.9268626496409720e+01	
  -1.9217138579932936e+01	
  -1.9165650663456155e+01	
  -1.9114162746979375e+01	
  -1.9062674830502594e+01	
  -1.9011186914025810e+01	
  -1.8959698997549030e+01	
  -1.8908211081072249e+01	
  -1.8856723164595465e+01	
  -1.8805235248118684e+01	
  -1.8753747331641904e+01	
  -1.8702259415165120e+01	
  -1.8650771498688339e+01	
  -1.8599283582211559e+01	
  -1.8547795665734775e+01	
  -1.8496307749257994e+01	
  -1.8444819832781214e+01	
  -1.8393331916304433e+01	
  -1.8341843999827649e+01	
  -1.8290356083350868e+01	
  -1.8238868166874088e+01	
  -1.8187380250397304e+01	
  -1.8135892333920523e+01	
  -1.8084404417443743e+01	
  -1.8032916500966959e+01	
  -1.7981428584490178e+01	
  -1.7929940668013398e+01	
  -1.7878452751536614e+01	
  -1.7826964835059833e+01	
  -1.7775476918583053e+01	
  -1.7723989002106272e+01	
  -1.7672501085629488e+01	
  -1.7621013169152707e+01	
  -1.7569525252675927e+01	
  -1.7518037336199143e+01	
  -1.7466549419722362e+01	
