     -155.557340349973487
     -151.544430170749735
     -147.531519991526011
     -143.518609812302259
     -139.505699633078507
     -135.492789453854755
     -131.479879274631003
     -127.466969095407279
     -123.454058916183527
     -119.441148736959775
     -115.428238557736037
     -111.415328378512299
     -107.402418199288547
     -103.389508020064795
      -99.376597840841058
      -95.363687661617320
      -91.350777482393568
      -87.337867303169816
      -83.324957123946078
      -79.312046944722340
      -75.299136765498588
      -71.286226586274836
      -67.273316407051098
      -63.260406227827360
      -59.247496048603608
      -55.234585869379856
      -51.221675690156118
      -47.208765510932380
      -43.195855331708628
      -39.182945152484876
      -35.170034973261139
      -31.157124794037401
      -27.144214614813649
      -23.131304435589897
      -19.118394256366145
      -15.105484077142421
      -11.092573897918669
       -7.079663718694917
       -3.066753539471193
        0.946156639752559
        4.959066818976311
        8.971976998200063
       12.984887177423815
       16.997797356647538
       21.010707535871290
       25.023617715095043
       29.036527894318766
       33.049438073542518
       37.062348252766270
       41.075258431990022
